//Exported ASCII-File
[Header]
FileName = C:\Users\Rafael\Desktop\escola da vida\Mack\Dissertacao\Quali\GO_0.05 (Rafael).WIP
ImageName = Scan_000_Spec.Data 1_F: Min & Max -> Maximum [1518.6 rel. 1/cm -> 1672.1 rel. 1/cm]
PointsPerLine = 61
LinesPerImage = 61
ScanUnit = µm
ScanWidth = 30
ScanHeight = 30
ScanOriginX = -2.51200008392334
ScanOriginY = 1.22599995136261
ScanOriginZ = 0
DataUnit = CCD cts
[Data]
 1.28691E+01	 1.26312E+01	 9.36882E+00	 6.82133E+00	 7.12662E+00	 5.75000E+00	 9.03632E+00	 8.38748E+00	 9.57073E+00	 1.03288E+01	 6.13379E+00	 1.30419E+01	 9.00000E+00	 9.68777E+00	 7.70411E+00	 8.45273E+00	 1.18094E+01	 1.26559E+01	 1.88817E+01	 1.61076E+01	 1.34085E+01	 9.87490E+00	 6.47476E+00	 8.75337E+00	 7.74036E+00	 7.78903E+00	 7.59129E+00	 8.49492E+00	 1.64065E+01	 1.71925E+01	 1.35903E+01	 1.46531E+01	 1.54807E+01	 2.17708E+01	 2.20986E+01	 3.10801E+01	 1.99888E+01	 2.36440E+01	 1.58768E+01	 1.49864E+01	 1.43649E+01	 1.19589E+01	 1.23033E+01	 9.57133E+00	 7.19363E+00	 1.46936E+01	 1.30328E+01	 1.34330E+01	 1.57973E+01	 1.44653E+01	 1.40965E+01	 1.49065E+01	 1.30524E+01	 9.56845E+00	 6.20806E+00	 8.15323E+00	 6.53283E+00	 7.11250E+00	 9.10020E+00	 5.84007E+00	 5.24310E+00
 9.97108E+00	 7.00000E+00	 6.91272E+00	 6.50380E+00	 9.14318E+00	 8.47756E+00	 7.28095E+00	 7.98547E+00	 9.37690E+00	 9.41706E+00	 7.00000E+00	 1.01173E+01	 9.81310E+00	 9.74352E+00	 7.05637E+00	 7.74116E+00	 1.27859E+01	 1.31427E+01	 1.73277E+01	 1.21019E+01	 1.53556E+01	 1.51825E+01	 8.88175E+00	 6.19558E+00	 8.60668E+00	 7.57249E+00	 4.35848E+00	 9.05555E+00	 1.37078E+01	 1.68277E+01	 1.68214E+01	 1.62334E+01	 1.50301E+01	 2.39097E+01	 2.98912E+01	 2.98738E+01	 3.06320E+01	 2.16437E+01	 1.91408E+01	 1.62739E+01	 1.00796E+01	 1.36408E+01	 1.00713E+01	 7.19702E+00	 8.50127E+00	 1.08083E+01	 1.18485E+01	 1.25796E+01	 1.25851E+01	 8.11992E+00	 6.04986E+00	 1.16496E+01	 1.10657E+01	 1.04225E+01	 5.19702E+00	 7.47108E+00	 6.49182E+00	 5.09392E+00	 4.09706E+00	 5.53595E+00	 4.90249E+00
 6.59874E+02	 1.83267E+02	 8.26301E+00	 8.24493E+00	 1.03373E+01	 1.14670E+01	 1.08264E+01	 8.34465E+00	 9.96144E+00	 9.45894E+00	 1.03459E+01	 9.19502E+00	 1.02500E+01	 1.10000E+01	 6.82823E+00	 7.23611E+00	 1.16294E+01	 1.20384E+01	 1.21332E+01	 1.35777E+01	 1.17211E+01	 1.34677E+01	 1.33151E+01	 1.27361E+01	 1.10801E+01	 8.68709E+00	 9.12944E+00	 8.40212E+00	 1.09564E+01	 1.59233E+01	 2.03651E+01	 1.68793E+01	 1.67738E+01	 1.87601E+01	 2.39445E+01	 3.09171E+01	 2.92563E+01	 2.36531E+01	 1.70318E+01	 1.20531E+01	 1.22039E+01	 1.10777E+01	 9.57767E+00	 8.02602E+00	 7.63356E+00	 1.10480E+01	 9.35922E+00	 8.97647E+00	 7.36679E+00	 1.23699E+01	 8.33207E+00	 7.09336E+00	 1.01869E+01	 7.38268E+00	 5.28230E+00	 7.50000E+00	 4.99492E+00	 5.19464E+00	 5.00579E+00	 5.55498E+00	 3.45492E+00
 8.08615E+00	 7.85848E+00	 6.88699E+00	 1.15384E+01	 1.38817E+01	 1.09141E+01	 8.18245E+00	 6.93945E+00	 8.89265E+00	 7.74091E+00	 8.55305E+00	 8.84129E+00	 6.32639E+00	 8.23107E+00	 6.37360E+00	 1.02500E+01	 1.11034E+01	 1.36357E+01	 9.77602E+00	 1.33296E+01	 1.42431E+01	 1.53768E+01	 1.36995E+01	 1.22292E+01	 1.18068E+01	 9.19886E+00	 6.73293E+00	 6.71467E+00	 1.17354E+01	 1.46565E+01	 1.68412E+01	 1.16723E+01	 1.28268E+01	 1.91922E+01	 2.63606E+01	 2.46980E+01	 2.59417E+01	 1.88794E+01	 1.51618E+01	 1.31234E+01	 9.69502E+00	 1.40194E+01	 8.87118E+00	 7.08506E+00	 6.70636E+00	 9.51443E+00	 6.48197E+00	 7.31180E+00	 1.06893E+01	 7.62968E+00	 6.57195E+00	 8.05866E+00	 9.06680E+00	 7.11047E+00	 3.87944E+00	 7.54294E+00	 5.67361E+00	 5.25000E+00	 7.34741E+00	 5.56310E+00	 5.16494E+00
 8.40316E+00	 1.10000E+01	 1.32089E+01	 1.47329E+01	 1.47565E+01	 1.18817E+01	 7.27886E+00	 6.88871E+00	 6.52949E+00	 5.76191E+00	 7.46585E+00	 5.81680E+00	 5.98339E+00	 5.67839E+00	 7.84336E+00	 1.21655E+01	 1.21578E+01	 1.58010E+01	 1.34303E+01	 1.20638E+01	 1.42093E+01	 1.63927E+01	 1.40985E+01	 1.35409E+01	 1.47251E+01	 1.07569E+01	 7.47853E+00	 8.74029E+00	 8.93931E+00	 1.30840E+01	 1.51826E+01	 1.19778E+01	 1.69300E+01	 2.26917E+01	 3.11531E+01	 2.77209E+01	 2.36247E+01	 1.68155E+01	 1.28151E+01	 1.03207E+01	 9.00677E+00	 1.58780E+01	 9.65775E+00	 6.84336E+00	 7.18672E+00	 6.59593E+00	 8.19702E+00	 9.89417E+00	 7.75000E+00	 8.32133E+00	 8.31067E+00	 1.29678E+01	 2.14236E+01	 1.34167E+01	 5.87620E+00	 4.15776E+00	 3.61908E+00	 4.76301E+00	 5.52094E+00	 3.36732E+00	 6.13725E+00
 1.20238E+01	 1.14284E+01	 1.20655E+01	 1.17898E+01	 1.16116E+01	 1.11050E+01	 7.21770E+00	 8.23359E+00	 8.36621E+00	 7.12185E+00	 6.24369E+00	 6.76698E+00	 7.72222E+00	 6.06566E+00	 9.97476E+00	 1.20968E+01	 1.47840E+01	 1.50777E+01	 1.56370E+01	 1.55069E+01	 1.42159E+01	 1.58858E+01	 1.39128E+01	 1.30568E+01	 1.52488E+01	 9.75507E+00	 6.30763E+00	 7.90720E+00	 8.48611E+00	 1.37230E+01	 1.21293E+01	 1.36803E+01	 1.33532E+01	 1.69694E+01	 2.18155E+01	 2.09298E+01	 1.54432E+01	 1.28838E+01	 1.00063E+01	 1.17039E+01	 1.76432E+01	 2.21250E+01	 1.64854E+01	 9.08728E+00	 6.74036E+00	 5.15590E+00	 6.98543E+00	 9.13324E+00	 7.58008E+00	 6.95577E+00	 1.09516E+01	 1.87835E+01	 1.73651E+01	 1.33946E+01	 6.95416E+00	 6.63446E+00	 6.11554E+00	 3.67751E+00	 4.00000E+00	 3.81701E+00	 4.22903E+00
 1.23466E+01	 1.36736E+01	 1.26332E+01	 1.00384E+01	 9.61735E+00	 8.36774E+00	 8.88871E+00	 6.14962E+00	 7.66603E+00	 8.29421E+00	 9.21845E+00	 6.37490E+00	 7.18931E+00	 5.79797E+00	 8.04797E+00	 1.09065E+01	 1.39325E+01	 1.25973E+01	 1.29248E+01	 1.22382E+01	 1.45357E+01	 1.54148E+01	 1.44456E+01	 1.28340E+01	 1.25287E+01	 8.26191E+00	 5.68367E+00	 7.97476E+00	 1.02228E+01	 1.29790E+01	 1.12980E+01	 8.89004E+00	 1.13076E+01	 1.33651E+01	 1.63870E+01	 1.57347E+01	 1.38520E+01	 1.27424E+01	 1.51869E+01	 1.59284E+01	 2.24878E+01	 2.07703E+01	 1.79931E+01	 1.17083E+01	 7.42363E+00	 7.54421E+00	 9.18559E+00	 8.84129E+00	 8.51768E+00	 9.04421E+00	 1.32854E+01	 1.72694E+01	 1.26641E+01	 8.52741E+00	 5.36426E+00	 5.35668E+00	 4.18496E+00	 5.13725E+00	 4.11301E+00	 4.40048E+00	 4.08088E+00
 1.23485E+01	 1.66149E+01	 1.58321E+01	 1.64489E+01	 1.36503E+01	 1.11503E+01	 8.45894E+00	 6.05424E+00	 5.62815E+00	 6.47279E+00	 7.40646E+00	 8.43367E+00	 8.64004E+00	 7.14636E+00	 8.20203E+00	 9.24170E+00	 1.00510E+01	 1.21660E+01	 1.49284E+01	 1.76412E+01	 1.53817E+01	 1.55069E+01	 1.85378E+01	 1.49419E+01	 9.50000E+00	 5.18512E+00	 4.66272E+00	 1.02039E+01	 1.57816E+01	 1.29728E+01	 8.93401E+00	 9.68496E+00	 1.11234E+01	 1.34284E+01	 1.26307E+01	 1.19790E+01	 1.40238E+01	 1.82857E+01	 1.52840E+01	 1.37378E+01	 1.45194E+01	 1.53195E+01	 1.38184E+01	 9.28473E+00	 7.88826E+00	 7.52120E+00	 9.17332E+00	 7.45833E+00	 7.82176E+00	 1.07500E+01	 1.14444E+01	 7.52741E+00	 4.26768E+00	 4.40720E+00	 3.14297E+00	 4.05637E+00	 3.38734E+00	 4.25000E+00	 4.25000E+00	 3.32900E+00	 3.94502E+00
 1.34345E+01	 1.23289E+01	 1.37809E+01	 1.41932E+01	 1.39432E+01	 1.49649E+01	 1.06856E+01	 6.16723E+00	 6.14921E+00	 4.42100E+00	 5.50253E+00	 7.62817E+00	 6.06727E+00	 6.89710E+00	 8.18056E+00	 9.39417E+00	 1.15051E+01	 1.51439E+01	 1.79419E+01	 1.69590E+01	 1.40840E+01	 1.04685E+01	 9.44558E+00	 7.84014E+00	 6.68672E+00	 5.64834E+00	 8.16603E+00	 9.30763E+00	 9.10502E+00	 1.07619E+01	 8.38070E+00	 9.81189E+00	 1.17708E+01	 1.32809E+01	 1.04236E+01	 1.06904E+01	 1.41904E+01	 1.95549E+01	 1.64495E+01	 1.32153E+01	 1.46028E+01	 1.69694E+01	 1.48031E+01	 8.92363E+00	 6.03089E+00	 6.63684E+00	 8.29799E+00	 1.00711E+01	 9.73293E+00	 9.82195E+00	 8.32195E+00	 3.62218E+00	 3.75000E+00	 3.92672E+00	 3.45388E+00	 3.89078E+00	 5.32900E+00	 3.40720E+00	 3.00000E+00	 4.27741E+00	 5.87118E+00
 1.19339E+01	 8.23181E+00	 1.11648E+01	 9.87942E+00	 9.92363E+00	 1.08820E+01	 7.59030E+00	 5.39274E+00	 4.54898E+00	 3.78340E+00	 6.34392E+00	 4.36464E+00	 6.15091E+00	 7.29924E+00	 7.50884E+00	 7.57823E+00	 1.04419E+01	 1.28090E+01	 1.59325E+01	 1.20619E+01	 9.43367E+00	 6.64456E+00	 7.19558E+00	 6.27602E+00	 5.72903E+00	 5.38871E+00	 6.44886E+00	 8.96528E+00	 7.85848E+00	 9.84280E+00	 9.28155E+00	 6.92233E+00	 9.20388E+00	 1.04776E+01	 1.13797E+01	 1.03148E+01	 1.12329E+01	 1.64179E+01	 1.60138E+01	 1.44118E+01	 1.67090E+01	 1.44659E+01	 9.84014E+00	 7.66272E+00	 7.90309E+00	 1.12170E+01	 1.54847E+01	 1.84751E+01	 1.65218E+01	 1.08691E+01	 8.75000E+00	 4.12785E+00	 5.04797E+00	 2.36774E+00	 3.80424E+00	 4.65590E+00	 4.45706E+00	 5.14456E+00	 5.00000E+00	 4.74116E+00	 4.37942E+00
 8.35923E+00	 6.61735E+00	 6.63699E+00	 6.89834E+00	 1.35758E+01	 1.01076E+01	 6.49170E+00	 6.14834E+00	 5.46770E+00	 6.50000E+00	 6.30424E+00	 4.77433E+00	 6.64004E+00	 9.24170E+00	 7.68496E+00	 8.52398E+00	 9.34336E+00	 1.18351E+01	 1.26153E+01	 1.25347E+01	 1.41806E+01	 1.18090E+01	 1.00051E+01	 6.84465E+00	 5.43539E+00	 5.11774E+00	 5.46336E+00	 6.84028E+00	 6.33506E+00	 7.09848E+00	 5.84796E+00	 9.82347E+00	 8.12620E+00	 9.04861E+00	 8.33008E+00	 9.93931E+00	 8.14390E+00	 1.20684E+01	 1.82481E+01	 1.41208E+01	 1.29903E+01	 1.49201E+01	 1.25101E+01	 7.57544E+00	 8.75380E+00	 1.34685E+01	 1.99621E+01	 2.03793E+01	 1.88088E+01	 1.34163E+01	 5.92229E+00	 5.09343E+00	 5.88737E+00	 5.57145E+00	 5.71088E+00	 5.56935E+00	 6.36908E+00	 7.16272E+00	 6.01301E+00	 5.22279E+00	 5.98072E+00
 5.27398E+00	 5.92855E+00	 5.37944E+00	 5.76768E+00	 1.15473E+01	 1.09955E+01	 1.11913E+01	 1.19575E+01	 1.37075E+01	 9.24719E+00	 6.68672E+00	 4.99369E+00	 6.37620E+00	 7.54986E+00	 6.85848E+00	 7.36774E+00	 9.90775E+00	 1.21578E+01	 1.40673E+01	 1.36760E+01	 1.33962E+01	 1.36760E+01	 8.41284E+00	 6.27741E+00	 6.41272E+00	 5.98470E+00	 7.12490E+00	 8.46696E+00	 7.83783E+00	 7.71528E+00	 6.71214E+00	 6.34028E+00	 1.00947E+01	 6.39078E+00	 6.04797E+00	 8.81680E+00	 8.85502E+00	 1.04917E+01	 1.41565E+01	 1.54854E+01	 1.22121E+01	 1.17927E+01	 1.04516E+01	 7.60292E+00	 7.90776E+00	 1.13400E+01	 1.40063E+01	 1.84059E+01	 1.64551E+01	 1.43939E+01	 9.92100E+00	 3.75971E+00	 4.55424E+00	 8.01191E+00	 8.68665E+00	 8.90646E+00	 8.49545E+00	 6.51060E+00	 6.16272E+00	 7.81250E+00	 6.27120E+00
 4.01191E+00	 4.62490E+00	 4.55263E+00	 9.54797E+00	 9.34454E+00	 1.02927E+01	 1.54236E+01	 1.59404E+01	 1.19997E+01	 9.79924E+00	 6.60290E+00	 4.90381E+00	 5.80518E+00	 5.79423E+00	 7.90381E+00	 8.31727E+00	 1.02500E+01	 1.22564E+01	 2.15301E+01	 1.93268E+01	 1.30301E+01	 4.60638E+00	 8.58237E-01	 8.91706E+00	 8.35079E+00	 6.17540E+00	 9.27949E+00	 9.02381E+00	 7.84661E+00	 7.62563E+00	 6.87437E+00	 5.75000E+00	 6.86735E+00	 8.40595E+00	 8.05237E+00	 9.26060E+00	 1.05106E+01	 9.77120E+00	 1.33794E+01	 1.60063E+01	 1.07984E+01	 7.59336E+00	 9.91603E+00	 8.54924E+00	 1.29829E+01	 1.59575E+01	 1.66149E+01	 1.80378E+01	 1.70485E+01	 1.16389E+01	 8.65646E+00	 6.49676E+00	 4.58446E+00	 6.75000E+00	 9.54838E+00	 1.17818E+01	 9.40775E+00	 8.73543E+00	 6.65776E+00	 6.15381E+00	 5.35038E+00
 4.42736E+00	 4.39583E+00	 4.36806E+00	 3.93367E+00	 7.24719E+00	 8.00844E+00	 9.23169E+00	 1.10024E+01	 7.98815E+00	 7.18245E+00	 7.18539E+00	 5.82129E+00	 6.18539E+00	 5.27474E+00	 6.45388E+00	 5.15212E+00	 8.26060E+00	 9.83603E+00	 1.24730E+01	 1.75353E+01	 1.40089E+01	 1.42354E+01	 1.10947E+01	 9.25691E+00	 7.74810E+00	 1.03782E+01	 1.26913E+01	 1.10238E+01	 8.83446E+00	 8.75380E+00	 5.84465E+00	 7.20388E+00	 7.99810E+00	 8.12360E+00	 7.85694E+00	 8.77741E+00	 1.00625E+01	 1.10238E+01	 2.00966E+01	 1.79634E+01	 1.26462E+01	 9.84677E+00	 9.61774E+00	 9.73547E+00	 1.11332E+01	 1.09621E+01	 1.35903E+01	 1.50714E+01	 1.65851E+01	 1.29362E+01	 6.34030E+00	 6.57823E+00	 6.47476E+00	 8.84030E+00	 9.23107E+00	 9.63173E+00	 1.35301E+01	 8.38321E+00	 8.71770E+00	 9.02949E+00	 8.36427E+00
 4.73197E+00	 4.69363E+00	 6.21770E+00	 6.24091E+00	 9.47020E+00	 8.13197E+00	 3.95417E+00	 5.72647E+00	 9.83848E+00	 1.17576E+01	 9.11735E+00	 9.16496E+00	 1.43903E+01	 1.32618E+01	 1.22882E+01	 5.18496E+00	 6.68539E+00	 7.34593E+00	 7.53838E+00	 1.19240E+01	 1.70247E+01	 2.11396E+01	 1.80997E+01	 1.32230E+01	 1.15520E+01	 1.23820E+01	 1.34236E+01	 1.45212E+01	 1.27149E+01	 7.55763E+00	 1.05510E+01	 1.05985E+01	 1.07619E+01	 8.51698E+00	 7.95833E+00	 9.80899E+00	 7.81727E+00	 1.18845E+01	 2.40085E+01	 3.13975E+01	 2.18528E+01	 1.44829E+01	 1.00499E+01	 9.20833E+00	 1.22029E+01	 1.15411E+01	 1.03550E+01	 1.04456E+01	 1.04324E+01	 1.04171E+01	 1.02564E+01	 7.43539E+00	 6.86882E+00	 7.61908E+00	 7.76294E+00	 8.67233E+00	 1.10000E+01	 1.01627E+01	 7.98072E+00	 7.09336E+00	 8.63871E+00
 3.74421E+00	 3.70304E+00	 4.90071E+00	 4.42495E+00	 3.77398E+00	 5.52331E+00	 4.80941E+00	 7.36174E+00	 1.51989E+01	 1.71327E+01	 1.34653E+01	 1.62222E+01	 1.47095E+01	 1.29855E+01	 1.90860E+01	 1.10495E+01	 6.16284E+00	 6.29421E+00	 8.77741E+00	 7.64078E+00	 1.08049E+01	 1.82594E+01	 2.89659E+01	 2.04303E+01	 1.87153E+01	 9.77653E+00	 7.99719E+00	 1.20754E+01	 1.37307E+01	 1.56867E+01	 1.17564E+01	 1.18932E+01	 1.12569E+01	 1.00913E+01	 1.23118E+01	 9.48543E+00	 8.27949E+00	 8.56566E+00	 1.48520E+01	 2.11932E+01	 2.68277E+01	 1.59240E+01	 9.87690E+00	 7.56484E+00	 7.39007E+00	 8.15590E+00	 1.25063E+01	 1.18106E+01	 1.23845E+01	 1.18345E+01	 7.58446E+00	 8.28155E+00	 7.87968E+00	 1.05267E+01	 1.42787E+01	 1.43939E+01	 9.74719E+00	 8.50952E+00	 9.36806E+00	 8.25000E+00	 7.83446E+00
 4.11483E+00	 3.23124E+00	 3.19371E+00	 3.85317E+00	 3.11735E+00	 3.98853E+00	 6.21696E+00	 7.30424E+00	 1.31307E+01	 1.57589E+01	 1.45340E+01	 1.91780E+01	 1.50699E+01	 1.09652E+01	 1.21313E+01	 1.58717E+01	 9.22279E+00	 5.48088E+00	 4.74369E+00	 6.08783E+00	 1.01208E+01	 1.20720E+01	 1.80789E+01	 2.00789E+01	 1.61032E+01	 1.34008E+01	 1.42114E+01	 1.66403E+01	 1.73952E+01	 1.98952E+01	 1.53248E+01	 1.30135E+01	 1.07354E+01	 9.40309E+00	 8.93245E+00	 8.23058E+00	 8.39962E+00	 8.82460E+00	 8.01060E+00	 1.29834E+01	 1.35340E+01	 1.38793E+01	 1.05713E+01	 6.41019E+00	 5.79423E+00	 6.45636E+00	 9.64182E+00	 1.03282E+01	 1.31336E+01	 1.15318E+01	 7.89417E+00	 6.97108E+00	 6.54797E+00	 8.53537E+00	 8.03588E+00	 9.59661E+00	 1.40934E+01	 1.14943E+01	 1.17354E+01	 1.05034E+01	 7.95894E+00
 3.88699E+00	 4.28230E+00	 4.09741E+00	 5.36129E+00	 3.45636E+00	 5.69558E+00	 5.70636E+00	 5.47756E+00	 8.89710E+00	 1.89502E+01	 2.03466E+01	 2.09514E+01	 1.29284E+01	 1.01293E+01	 7.58952E+00	 7.38175E+00	 7.01191E+00	 3.72749E+00	 4.89834E+00	 6.50000E+00	 8.93539E+00	 1.14469E+01	 1.83321E+01	 1.36313E+01	 1.31826E+01	 1.13736E+01	 1.13813E+01	 1.33797E+01	 2.16383E+01	 3.25534E+01	 2.65638E+01	 2.28742E+01	 1.08157E+01	 9.09848E+00	 9.77653E+00	 6.66603E+00	 5.76768E+00	 7.84030E+00	 9.75000E+00	 1.20991E+01	 1.67347E+01	 1.00240E+01	 5.67371E+00	 3.37944E+00	 3.75743E+00	 5.16858E+00	 4.45706E+00	 7.21485E+00	 8.59465E+00	 9.78340E+00	 6.14417E+00	 5.75000E+00	 4.18539E+00	 7.93709E+00	 7.13699E+00	 1.13351E+01	 9.78007E+00	 8.69818E+00	 8.57176E+00	 7.00000E+00	 5.37817E+00
 4.37016E+00	 2.53912E+00	 3.31869E+00	 3.39332E+00	 4.59465E+00	 3.78376E+00	 7.27949E+00	 6.21770E+00	 1.12149E+01	 1.75164E+01	 2.57462E+01	 2.90209E+01	 1.38868E+01	 4.12360E+00	 4.35502E+00	 5.00000E+00	 4.14683E+00	 2.50000E+00	 3.16990E+00	 2.61464E+00	 4.34167E+00	 8.43131E+00	 1.55051E+01	 1.53277E+01	 1.03927E+01	 1.05064E+01	 1.21913E+01	 7.47903E+00	 9.00169E+00	 1.13385E+01	 9.94886E+00	 1.30590E+01	 1.08817E+01	 8.00000E+00	 6.31566E+00	 6.45748E+00	 1.13900E+01	 1.07884E+01	 9.00337E+00	 1.27631E+01	 7.87817E+00	 6.39711E+00	 5.59909E+00	 2.73853E+00	 3.50337E+00	 4.62360E+00	 6.37360E+00	 5.48611E+00	 6.17478E+00	 6.74676E+00	 5.16858E+00	 5.32691E+00	 5.57691E+00	 4.18539E+00	 6.39004E+00	 6.81727E+00	 8.58615E+00	 1.20164E+01	 7.72279E+00	 5.38321E+00	 4.53565E+00
 4.66596E+00	 4.89498E+00	 4.40231E+00	 2.77653E+00	 5.33446E+00	 7.02602E+00	 7.03912E+00	 8.45332E+00	 1.12260E+01	 1.27172E+01	 2.13883E+01	 2.35801E+01	 1.02517E+01	 5.78912E+00	 4.91892E+00	 4.97279E+00	 3.81180E+00	 1.98500E+00	 6.38547E+00	 4.79866E+00	 4.40471E+00	 6.31701E+00	 1.28445E+01	 1.21020E+01	 1.12101E+01	 1.05985E+01	 1.03832E+01	 4.73169E+00	 5.99036E+00	 7.00000E+00	 6.90091E+00	 5.30424E+00	 6.14332E+00	 5.94911E+00	 5.87563E+00	 6.12563E+00	 6.45894E+00	 7.26768E+00	 7.15595E+00	 6.75000E+00	 7.25000E+00	 4.91211E+00	 4.17233E+00	 4.39921E+00	 5.00000E+00	 3.73058E+00	 4.95634E+00	 8.15968E+00	 6.00631E+00	 5.75000E+00	 6.75000E+00	 6.84280E+00	 5.75000E+00	 5.03990E+00	 4.79144E+00	 4.98470E+00	 6.35668E+00	 7.24426E+00	 5.22222E+00	 4.77668E+00	 4.54590E+00
 3.83103E+00	 3.59741E+00	 4.71696E+00	 7.08844E+00	 8.23169E+00	 6.15212E+00	 5.77949E+00	 8.10923E+00	 1.53688E+01	 1.34325E+01	 1.63207E+01	 1.17854E+01	 6.22344E+00	 6.00675E+00	 8.00760E+00	 5.94818E+00	 4.54423E+00	 4.79668E+00	 3.24036E+00	 4.06310E+00	 2.38574E+00	 5.75127E+00	 7.15309E+00	 1.23691E+01	 7.39417E+00	 8.20894E+00	 5.03912E+00	 4.84343E+00	 4.22108E+00	 7.32249E+00	 4.66892E+00	 3.50000E+00	 4.37183E+00	 2.98088E+00	 4.00000E+00	 6.06391E+00	 4.79797E+00	 4.45833E+00	 3.07940E+00	 3.25571E+00	 3.64274E+00	 3.33390E+00	 6.43539E+00	 7.44558E+00	 4.87437E+00	 2.90590E+00	 5.39417E+00	 5.34593E+00	 6.99036E+00	 7.84201E+00	 9.46420E+00	 8.75000E+00	 6.91272E+00	 6.70388E+00	 3.56878E+00	 3.96747E+00	 5.14008E+00	 4.80351E+00	 5.58752E+00	 5.70894E+00	 5.49257E+00
 4.08108E+00	 4.60668E+00	 4.87968E+00	 5.49984E+00	 6.38574E+00	 3.89673E+00	 5.01389E+00	 6.23940E+00	 8.21162E+00	 1.30384E+01	 9.09465E+00	 7.50000E+00	 6.71845E+00	 6.50000E+00	 6.72222E+00	 5.57195E+00	 5.76309E+00	 4.44586E+00	 3.75000E+00	 4.25000E+00	 4.53283E+00	 8.65968E+00	 6.09593E+00	 6.86806E+00	 7.33142E+00	 5.43258E+00	 6.88173E+00	 5.95894E+00	 3.25000E+00	 6.33981E+00	 6.12563E+00	 4.13755E+00	 3.46845E+00	 2.71717E+00	 2.50000E+00	 4.43232E+00	 5.89456E+00	 5.19502E+00	 2.67672E+00	 3.61301E+00	 2.47748E+00	 3.66610E+00	 8.57133E+00	 1.12635E+01	 1.19518E+01	 7.00000E+00	 7.68559E+00	 6.55424E+00	 7.02619E+00	 8.68245E+00	 8.00380E+00	 8.90407E+00	 5.31151E+00	 5.39004E+00	 5.64332E+00	 5.12690E+00	 5.10107E+00	 5.68131E+00	 3.95706E+00	 4.12972E+00	 4.50000E+00
 4.29838E+00	 6.52741E+00	 6.07580E+00	 7.22108E+00	 7.72222E+00	 6.79727E+00	 4.00000E+00	 3.50000E+00	 4.18496E+00	 8.56935E+00	 5.52721E+00	 5.36806E+00	 7.24036E+00	 9.29986E+00	 4.55424E+00	 6.48738E+00	 6.54986E+00	 5.63826E+00	 6.84336E+00	 6.32133E+00	 1.21242E+01	 1.49445E+01	 1.39659E+01	 9.55899E+00	 1.05069E+01	 7.02741E+00	 4.77398E+00	 5.29986E+00	 8.78283E+00	 1.25164E+01	 8.99719E+00	 7.54838E+00	 6.56633E+00	 3.34454E+00	 5.17060E+00	 3.55424E+00	 3.50337E+00	 3.43299E+00	 4.39078E+00	 3.25000E+00	 3.69702E+00	 3.60848E+00	 8.45894E+00	 1.56028E+01	 1.72576E+01	 1.17538E+01	 9.14004E+00	 1.20265E+01	 1.02534E+01	 8.42332E+00	 6.48072E+00	 7.07639E+00	 6.55263E+00	 4.00000E+00	 5.93401E+00	 4.14711E+00	 3.75000E+00	 4.10668E+00	 4.00571E+00	 5.06935E+00	 3.84028E+00
 4.07823E+00	 8.10922E+00	 7.10344E+00	 8.66789E+00	 1.06262E+01	 8.39243E+00	 5.78007E+00	 3.12218E+00	 2.84150E+00	 2.75000E+00	 3.03588E+00	 3.13321E+00	 6.50000E+00	 4.00000E+00	 5.10166E+00	 3.25000E+00	 3.75884E+00	 8.80518E+00	 9.21696E+00	 1.07767E+01	 9.95180E+00	 1.40318E+01	 1.79944E+01	 1.60485E+01	 1.80119E+01	 1.05901E+01	 6.08783E+00	 5.31727E+00	 6.44911E+00	 1.02336E+01	 1.01824E+01	 9.96420E+00	 9.02331E+00	 3.92100E+00	 5.19502E+00	 3.43245E+00	 2.64456E+00	 3.54724E+00	 3.50000E+00	 4.25000E+00	 3.95748E+00	 5.65309E+00	 9.57568E+00	 1.28129E+01	 1.34854E+01	 1.28048E+01	 1.34393E+01	 1.08845E+01	 1.44371E+01	 1.61661E+01	 1.50265E+01	 1.66935E+01	 1.08749E+01	 6.82309E+00	 8.10038E+00	 4.69818E+00	 5.79696E+00	 4.23072E+00	 4.12360E+00	 4.12690E+00	 3.64088E+00
 1.15000E+01	 8.98058E+00	 8.97756E+00	 8.65309E+00	 7.04986E+00	 8.57195E+00	 9.87690E+00	 8.11806E+00	 7.59796E+00	 6.68615E+00	 4.79797E+00	 3.55424E+00	 3.58615E+00	 4.95706E+00	 5.90590E+00	 9.32823E+00	 1.18797E+01	 1.25127E+01	 1.19569E+01	 1.20442E+01	 9.50691E+00	 6.12942E+00	 8.66612E+00	 8.99352E+00	 1.17564E+01	 1.19847E+01	 8.40595E+00	 4.90646E+00	 6.82299E+00	 6.50644E+00	 7.32823E+00	 6.81250E+00	 3.45388E+00	 3.69818E+00	 4.89711E+00	 3.79727E+00	 4.84909E+00	 4.39498E+00	 3.48197E+00	 3.75000E+00	 2.75000E+00	 8.80305E+00	 7.49554E+00	 9.04799E+00	 1.32601E+01	 1.79435E+01	 1.85851E+01	 1.35069E+01	 1.27346E+01	 1.47980E+01	 1.62409E+01	 1.51313E+01	 1.07624E+01	 6.55811E+00	 5.89078E+00	 3.77949E+00	 7.61554E+00	 8.82195E+00	 5.44911E+00	 5.37437E+00	 5.46770E+00
 1.00947E+01	 9.98339E+00	 9.99810E+00	 7.97647E+00	 5.70388E+00	 1.03010E+01	 1.39659E+01	 1.50764E+01	 1.76988E+01	 1.51919E+01	 1.40878E+01	 1.20801E+01	 9.17011E+00	 1.16825E+01	 1.26199E+01	 1.48932E+01	 2.09102E+01	 1.88009E+01	 1.61028E+01	 1.13793E+01	 7.69363E+00	 5.99170E+00	 3.94502E+00	 6.07767E+00	 7.96845E+00	 9.56180E+00	 9.09129E+00	 6.99968E+00	 8.63451E+00	 7.78283E+00	 7.25000E+00	 3.64636E+00	 3.52120E+00	 5.66272E+00	 3.70856E+00	 4.04986E+00	 4.11806E+00	 4.23738E+00	 4.75337E+00	 3.65212E+00	 7.29668E+00	 1.05851E+01	 9.80102E+00	 7.76191E+00	 1.12645E+01	 2.03034E+01	 1.94141E+01	 1.67809E+01	 1.76641E+01	 1.40309E+01	 1.45860E+01	 1.23691E+01	 1.08946E+01	 6.84014E+00	 4.77741E+00	 4.24747E+00	 4.54924E+00	 5.06310E+00	 5.99369E+00	 5.47476E+00	 6.61554E+00
 1.08932E+01	 7.90776E+00	 8.73543E+00	 9.95388E+00	 8.82580E+00	 9.75644E+00	 1.23385E+01	 1.12267E+01	 1.08977E+01	 1.49847E+01	 1.28401E+01	 9.30305E+00	 1.16191E+01	 1.84445E+01	 1.90618E+01	 1.80340E+01	 1.41503E+01	 9.85723E+00	 1.12273E+01	 8.26014E+00	 5.75507E+00	 6.16603E+00	 5.09909E+00	 4.58277E+00	 4.37563E+00	 3.98072E+00	 4.95388E+00	 6.31484E+00	 1.04404E+01	 1.28020E+01	 8.98339E+00	 6.15471E+00	 3.71435E+00	 5.31935E+00	 6.71770E+00	 6.22222E+00	 6.84000E+00	 6.34000E+00	 5.25169E+00	 5.00000E+00	 6.82195E+00	 1.15069E+01	 1.37002E+01	 1.49435E+01	 2.12194E+01	 1.90530E+01	 1.92488E+01	 1.94751E+01	 1.83651E+01	 1.60127E+01	 1.16307E+01	 8.14004E+00	 7.03283E+00	 6.63871E+00	 5.43559E+00	 3.71247E+00	 3.24545E+00	 3.39871E+00	 4.37605E+00	 4.58474E+00	 3.59955E+00
 1.51020E+01	 1.40901E+01	 1.34614E+01	 1.29518E+01	 1.03762E+01	 8.45294E+00	 1.12884E+01	 8.70332E+00	 6.46845E+00	 6.35502E+00	 6.59028E+00	 5.76235E+00	 6.76235E+00	 1.29981E+01	 1.57481E+01	 9.41603E+00	 5.44702E+00	 4.14182E+00	 5.11735E+00	 4.57823E+00	 2.84129E+00	 2.50339E+00	 3.59201E+00	 2.55182E+00	 4.06180E+00	 4.50000E+00	 5.59410E+00	 7.10544E+00	 8.48611E+00	 9.68056E+00	 9.82544E+00	 8.36908E+00	 5.93672E+00	 4.99810E+00	 5.90646E+00	 5.43539E+00	 7.13173E+00	 7.58506E+00	 7.70806E+00	 9.09677E+00	 1.18468E+01	 1.85085E+01	 2.74126E+01	 2.40825E+01	 1.91180E+01	 2.16421E+01	 2.23946E+01	 1.73030E+01	 1.40347E+01	 9.74426E+00	 8.61047E+00	 8.50000E+00	 6.83783E+00	 5.45806E+00	 5.29866E+00	 3.52949E+00	 4.37563E+00	 5.18232E+00	 4.01768E+00	 3.25000E+00	 3.81310E+00
 1.32909E+01	 1.64548E+01	 1.79404E+01	 1.20485E+01	 1.23762E+01	 1.21641E+01	 1.08817E+01	 8.98339E+00	 5.66272E+00	 3.80424E+00	 4.38529E+00	 6.47602E+00	 5.54797E+00	 8.99719E+00	 1.41297E+01	 1.21234E+01	 7.50760E+00	 4.50127E+00	 3.91230E+00	 4.25000E+00	 4.27778E+00	 3.25000E+00	 2.75506E+00	 2.85292E+00	 3.12185E+00	 3.19654E+00	 4.15595E+00	 5.89710E+00	 5.94502E+00	 7.23072E+00	 7.82691E+00	 7.89004E+00	 8.34465E+00	 6.52741E+00	 5.61774E+00	 7.72476E+00	 8.02668E+00	 9.57195E+00	 7.74170E+00	 7.64318E+00	 1.22134E+01	 2.02898E+01	 2.02419E+01	 1.74435E+01	 1.97847E+01	 1.81667E+01	 1.59575E+01	 1.29659E+01	 8.86490E+00	 7.34129E+00	 5.42060E+00	 5.79924E+00	 6.28283E+00	 6.38321E+00	 5.86735E+00	 5.51191E+00	 6.10502E+00	 5.91272E+00	 4.27624E+00	 4.19702E+00	 3.24545E+00
 1.56602E+01	 1.16871E+01	 9.95294E+00	 8.43559E+00	 9.39962E+00	 1.16256E+01	 1.37999E+01	 1.14065E+01	 6.83142E+00	 5.29866E+00	 6.29901E+00	 5.12360E+00	 5.64636E+00	 3.52741E+00	 4.86554E+00	 5.90590E+00	 5.06180E+00	 3.27905E+00	 2.88699E+00	 3.08390E+00	 3.90833E+00	 3.65968E+00	 2.75000E+00	 4.42478E+00	 5.87817E+00	 5.85502E+00	 5.00000E+00	 6.12058E+00	 7.63699E+00	 8.54838E+00	 7.18367E+00	 6.83783E+00	 6.72305E+00	 6.38070E+00	 6.95894E+00	 7.86992E+00	 7.59593E+00	 9.52839E+00	 8.68709E+00	 8.57038E+00	 1.31294E+01	 1.57818E+01	 2.03616E+01	 1.81262E+01	 1.46559E+01	 8.43401E+00	 5.85922E+00	 5.50000E+00	 6.32691E+00	 7.18496E+00	 7.91284E+00	 7.88699E+00	 5.75380E+00	 6.19445E+00	 6.61554E+00	 4.91098E+00	 4.03912E+00	 3.93245E+00	 6.64710E+00	 5.87690E+00	 5.87563E+00
 2.31178E+01	 1.72973E+01	 9.75634E+00	 8.51698E+00	 9.43931E+00	 1.15648E+01	 1.14284E+01	 8.83506E+00	 9.29797E+00	 7.36301E+00	 5.82691E+00	 3.51389E+00	 4.39711E+00	 4.46770E+00	 3.06180E+00	 3.18885E+00	 3.84955E+00	 3.09955E+00	 3.13871E+00	 4.28283E+00	 3.45798E+00	 4.06391E+00	 6.10289E+00	 6.25000E+00	 7.60848E+00	 1.13148E+01	 1.18734E+01	 1.24668E+01	 8.48339E+00	 8.31484E+00	 6.22279E+00	 5.50253E+00	 6.42233E+00	 6.20388E+00	 4.20806E+00	 4.05424E+00	 6.75000E+00	 1.01723E+01	 8.22305E+00	 6.22305E+00	 6.22108E+00	 9.80102E+00	 1.03401E+01	 1.07708E+01	 9.82823E+00	 8.10922E+00	 4.31310E+00	 5.81310E+00	 6.50000E+00	 6.82767E+00	 6.88574E+00	 5.60848E+00	 3.64821E+00	 4.16892E+00	 7.00000E+00	 5.63699E+00	 4.55424E+00	 3.97953E+00	 6.26191E+00	 7.73072E+00	 5.06727E+00
 2.23572E+01	 1.46733E+01	 9.43056E+00	 8.15381E+00	 1.01249E+01	 1.61249E+01	 1.79233E+01	 1.04807E+01	 7.80305E+00	 7.43672E+00	 6.00169E+00	 3.75000E+00	 3.18609E+00	 5.35922E+00	 3.70706E+00	 4.25000E+00	 2.96336E+00	 3.75000E+00	 3.75000E+00	 2.53565E+00	 3.94886E+00	 4.03283E+00	 5.96336E+00	 1.25913E+01	 1.22185E+01	 1.39943E+01	 1.64847E+01	 1.13258E+01	 9.89004E+00	 1.03794E+01	 7.62942E+00	 5.26641E+00	 4.90590E+00	 3.82328E+00	 2.20417E+00	 2.93893E+00	 3.92855E+00	 4.50000E+00	 5.98359E+00	 3.84129E+00	 4.34201E+00	 3.62360E+00	 7.16098E+00	 1.09223E+01	 9.80899E+00	 5.37360E+00	 5.05941E+00	 4.81310E+00	 4.00169E+00	 6.50000E+00	 5.41284E+00	 4.99369E+00	 6.28912E+00	 5.61735E+00	 3.77398E+00	 5.89962E+00	 8.50000E+00	 1.02417E+01	 1.15480E+01	 1.08010E+01	 7.15590E+00
 1.78268E+01	 1.39846E+01	 1.02664E+01	 9.01389E+00	 9.69576E+00	 1.39339E+01	 2.10318E+01	 1.41191E+01	 9.02602E+00	 8.51309E+00	 6.12620E+00	 5.18539E+00	 4.64309E+00	 3.69237E+00	 3.58051E+00	 2.91610E+00	 4.02949E+00	 5.11301E+00	 2.78155E+00	 4.09741E+00	 3.00000E+00	 4.34032E+00	 5.40590E+00	 1.02980E+01	 1.59339E+01	 1.69233E+01	 1.43868E+01	 9.84465E+00	 1.00038E+01	 8.27949E+00	 6.16272E+00	 4.56310E+00	 3.21176E+00	 2.97748E+00	 4.16098E+00	 3.91345E+00	 2.90212E+00	 3.16603E+00	 4.12942E+00	 4.77398E+00	 2.62388E+00	 3.13725E+00	 3.61174E+00	 5.68245E+00	 8.60292E+00	 7.88173E+00	 6.37563E+00	 6.35292E+00	 5.62185E+00	 5.23738E+00	 7.36554E+00	 4.87690E+00	 4.26641E+00	 4.25000E+00	 6.31461E+00	 7.80237E+00	 1.16313E+01	 1.35069E+01	 1.11989E+01	 1.19324E+01	 8.37817E+00
 1.36199E+01	 1.30384E+01	 9.49352E+00	 8.00000E+00	 9.94040E+00	 1.48962E+01	 1.64981E+01	 1.56477E+01	 1.20354E+01	 9.43539E+00	 7.58506E+00	 6.53230E+00	 5.41780E+00	 4.50127E+00	 4.61388E+00	 3.43672E+00	 3.25000E+00	 3.59336E+00	 3.42179E+00	 4.84741E+00	 4.00000E+00	 4.57129E+00	 3.51768E+00	 5.05941E+00	 7.82195E+00	 9.70894E+00	 9.91098E+00	 1.00576E+01	 1.28400E+01	 1.17417E+01	 1.14367E+01	 6.01191E+00	 5.29898E+00	 4.16990E+00	 2.24036E+00	 2.25000E+00	 2.93893E+00	 3.95833E+00	 3.42122E+00	 2.68494E+00	 2.71845E+00	 3.25000E+00	 3.12640E+00	 4.21088E+00	 4.37360E+00	 8.02886E+00	 1.07980E+01	 1.12334E+01	 9.13379E+00	 5.92839E+00	 5.67233E+00	 5.45636E+00	 5.60079E+00	 4.85922E+00	 3.52721E+00	 7.36679E+00	 8.97903E+00	 8.08142E+00	 6.72095E+00	 9.10292E+00	 7.49036E+00
 1.01826E+01	 1.02564E+01	 9.72903E+00	 9.43496E+00	 7.93672E+00	 1.26867E+01	 1.45590E+01	 1.30051E+01	 1.06736E+01	 9.31845E+00	 6.65091E+00	 5.77120E+00	 4.74036E+00	 5.00127E+00	 4.30763E+00	 4.10417E+00	 6.00000E+00	 3.09028E+00	 4.25631E+00	 3.66808E+00	 3.73072E+00	 4.54866E+00	 3.32083E+00	 3.52398E+00	 4.20894E+00	 5.43512E+00	 6.09201E+00	 8.21012E+00	 7.20388E+00	 7.00692E+00	 8.52619E+00	 6.00127E+00	 5.48293E+00	 3.72602E+00	 4.00000E+00	 4.75000E+00	 4.25000E+00	 5.40309E+00	 3.50000E+00	 2.50000E+00	 3.76893E+00	 4.64078E+00	 5.39834E+00	 4.76698E+00	 6.23072E+00	 7.76060E+00	 7.80424E+00	 6.66990E+00	 7.25000E+00	 4.75000E+00	 4.86554E+00	 5.03912E+00	 7.99719E+00	 6.70158E+00	 5.32522E+00	 5.27084E+00	 6.64078E+00	 5.59129E+00	 5.25000E+00	 5.94502E+00	 6.72756E+00
 1.00328E+01	 1.35945E+01	 1.26701E+01	 1.50301E+01	 1.09470E+01	 1.03277E+01	 1.45473E+01	 1.18568E+01	 9.92332E+00	 6.76698E+00	 7.72344E+00	 4.88826E+00	 4.42179E+00	 4.75000E+00	 3.58770E+00	 5.15212E+00	 4.15850E+00	 4.07145E+00	 4.04394E+00	 3.45577E+00	 4.78003E+00	 5.53588E+00	 5.00000E+00	 3.02398E+00	 5.09465E+00	 5.52433E+00	 6.18539E+00	 6.25000E+00	 9.82133E+00	 7.09028E+00	 7.85417E+00	 5.86263E+00	 4.64078E+00	 3.75000E+00	 4.10502E+00	 4.99369E+00	 8.77398E+00	 5.18539E+00	 3.57440E+00	 3.36774E+00	 4.79668E+00	 3.15833E+00	 6.06180E+00	 7.32639E+00	 9.55763E+00	 1.14981E+01	 8.05899E+00	 5.24170E+00	 5.29342E+00	 5.37605E+00	 5.15091E+00	 7.92233E+00	 1.19776E+01	 1.47443E+01	 9.49306E+00	 6.95636E+00	 4.84732E+00	 5.08506E+00	 5.12185E+00	 5.68245E+00	 6.72087E+00
 8.09129E+00	 1.35801E+01	 1.45673E+01	 1.32355E+01	 1.81477E+01	 1.36208E+01	 1.39425E+01	 1.51641E+01	 1.29422E+01	 1.44575E+01	 9.91612E+00	 6.51191E+00	 4.42996E+00	 3.92177E+00	 5.06633E+00	 3.56441E+00	 2.86426E+00	 2.38871E+00	 4.43993E+00	 3.28565E+00	 4.73359E+00	 4.40048E+00	 5.47916E+00	 3.75964E+00	 3.00000E+00	 2.98696E+00	 3.42751E+00	 4.98072E+00	 6.28565E+00	 7.71489E+00	 7.30305E+00	 7.84677E+00	 5.24429E+00	 4.51443E+00	 2.93997E+00	 6.81768E+00	 6.54696E+00	 5.42371E+00	 2.99873E+00	 3.23499E+00	 2.64834E+00	 7.22108E+00	 8.08897E+00	 8.12926E+00	 1.32883E+01	 1.55024E+01	 7.75675E+00	 8.16098E+00	 8.30424E+00	 7.20812E+00	 7.46336E+00	 9.51012E+00	 1.16641E+01	 1.10069E+01	 1.02209E+01	 8.61427E+00	 6.26262E+00	 6.08615E+00	 7.00000E+00	 5.07133E+00	 6.10848E+00
 1.26559E+01	 1.29943E+01	 1.60347E+01	 1.08282E+01	 1.58254E+01	 1.35238E+01	 1.44003E+01	 1.56250E+01	 1.43466E+01	 1.70913E+01	 1.42002E+01	 5.29853E+00	 3.43609E+00	 2.25000E+00	 3.10289E+00	 5.20498E+00	 5.01060E+00	 5.62690E+00	 3.47853E+00	 3.37986E+00	 3.64834E+00	 3.20076E+00	 4.81180E+00	 5.18249E+00	 3.46845E+00	 3.27474E+00	 3.50000E+00	 4.61908E+00	 5.52120E+00	 7.12360E+00	 6.44911E+00	 6.25506E+00	 5.68245E+00	 4.09952E+00	 5.11806E+00	 4.77602E+00	 5.24719E+00	 5.88147E+00	 5.20102E+00	 3.33770E+00	 3.93820E+00	 5.81180E+00	 7.06310E+00	 9.09028E+00	 9.67841E+00	 1.23351E+01	 6.94482E+00	 1.05913E+01	 8.80899E+00	 8.76235E+00	 9.37944E+00	 1.09649E+01	 1.17847E+01	 1.63151E+01	 1.34456E+01	 6.91479E+00	 7.62360E+00	 5.34129E+00	 6.25884E+00	 4.28912E+00	 5.22602E+00
 1.31806E+01	 1.74435E+01	 1.29184E+01	 1.12071E+01	 8.97108E+00	 9.52381E+00	 1.36496E+01	 2.04248E+01	 1.89502E+01	 1.72601E+01	 1.89709E+01	 9.89962E+00	 4.52450E+00	 3.77949E+00	 4.09410E+00	 5.13574E+00	 4.85292E+00	 6.25000E+00	 3.50337E+00	 4.88379E+00	 4.64152E+00	 5.25000E+00	 2.87563E+00	 4.68609E+00	 5.37563E+00	 5.37815E+00	 3.74029E+00	 3.19373E+00	 4.46845E+00	 5.79421E+00	 7.26060E+00	 4.35710E+00	 6.56310E+00	 4.77839E+00	 8.90720E+00	 7.46585E+00	 8.91098E+00	 5.26698E+00	 5.41230E+00	 5.00000E+00	 2.89332E+00	 3.50127E+00	 5.08506E+00	 8.92060E+00	 8.58010E+00	 7.22095E+00	 9.75169E+00	 7.71845E+00	 1.12767E+01	 1.04354E+01	 1.55191E+01	 1.67639E+01	 1.36660E+01	 7.39004E+00	 4.66345E+00	 6.68401E+00	 6.27653E+00	 6.26262E+00	 6.02905E+00	 5.86129E+00	 5.37944E+00
 1.05089E+01	 1.06825E+01	 1.13010E+01	 6.26641E+00	 6.34529E+00	 8.78838E+00	 1.43940E+01	 2.39303E+01	 2.27378E+01	 2.03975E+01	 1.95768E+01	 1.25549E+01	 5.92060E+00	 4.14821E+00	 5.06980E+00	 6.97095E+00	 5.79797E+00	 5.82133E+00	 4.00000E+00	 4.75000E+00	 3.65720E+00	 6.79668E+00	 3.54394E+00	 4.25000E+00	 3.74788E+00	 5.26301E+00	 3.09336E+00	 3.59410E+00	 4.37563E+00	 4.24036E+00	 7.66098E+00	 7.22476E+00	 4.86250E+00	 5.70388E+00	 1.55170E+01	 1.72619E+01	 9.65646E+00	 8.15775E+00	 6.80424E+00	 5.09028E+00	 6.27398E+00	 3.90212E+00	 5.10848E+00	 7.34593E+00	 6.73738E+00	 1.15995E+01	 1.14450E+01	 9.50380E+00	 1.21338E+01	 1.65145E+01	 2.36684E+01	 1.26891E+01	 8.56935E+00	 5.88321E+00	 4.81566E+00	 6.00000E+00	 6.92177E+00	 5.75000E+00	 4.53957E+00	 4.41441E+00	 3.94363E+00
 1.23708E+01	 8.22344E+00	 6.42233E+00	 5.89456E+00	 7.04423E+00	 9.75380E+00	 1.25970E+01	 1.64988E+01	 1.48497E+01	 1.21684E+01	 1.13490E+01	 9.90309E+00	 5.25000E+00	 4.28283E+00	 6.22476E+00	 5.26301E+00	 7.00000E+00	 5.14417E+00	 3.63194E+00	 6.13070E+00	 6.92398E+00	 8.38197E+00	 5.48543E+00	 6.73765E+00	 2.40828E+00	 3.03283E+00	 4.90212E+00	 5.99426E+00	 1.06401E+01	 4.81180E+00	 4.60848E+00	 6.52778E+00	 5.96336E+00	 9.03838E+00	 1.57767E+01	 1.46893E+01	 9.51698E+00	 1.00903E+01	 8.46214E+00	 6.74719E+00	 1.31439E+01	 1.02740E+01	 7.20894E+00	 8.45294E+00	 8.75691E+00	 7.38737E+00	 6.55237E+00	 7.59593E+00	 8.39417E+00	 2.19518E+01	 2.07018E+01	 1.06826E+01	 6.34593E+00	 5.99545E+00	 8.52653E+00	 4.09280E+00	 4.10710E+00	 5.18609E+00	 4.56727E+00	 3.21770E+00	 4.49029E+00
 9.48738E+00	 7.47095E+00	 7.59129E+00	 4.40590E+00	 6.00000E+00	 8.14309E+00	 8.64332E+00	 9.39078E+00	 8.12620E+00	 5.15590E+00	 6.50884E+00	 6.28253E+00	 4.77433E+00	 3.25000E+00	 3.25000E+00	 4.35166E+00	 6.27433E+00	 4.18232E+00	 5.00000E+00	 5.64834E+00	 7.58902E+00	 1.11538E+01	 1.00492E+01	 5.34741E+00	 6.62360E+00	 4.84129E+00	 8.23339E+00	 1.38734E+01	 1.09031E+01	 6.16345E+00	 4.34030E+00	 4.60710E+00	 5.49719E+00	 6.74170E+00	 1.09943E+01	 1.13258E+01	 8.73169E+00	 7.71336E+00	 9.66479E+00	 1.01991E+01	 1.29581E+01	 1.32563E+01	 1.11733E+01	 7.43245E+00	 7.10848E+00	 7.97602E+00	 8.75000E+00	 7.36679E+00	 8.39456E+00	 1.71496E+01	 1.73090E+01	 1.01130E+01	 7.41892E+00	 6.14710E+00	 4.85417E+00	 5.62972E+00	 5.58902E+00	 4.63871E+00	 3.73293E+00	 2.63734E+00	 3.13574E+00
 1.07089E+01	 7.25000E+00	 5.87360E+00	 5.52949E+00	 7.09410E+00	 6.27449E+00	 6.41553E+00	 6.41892E+00	 3.70894E+00	 3.03565E+00	 3.93367E+00	 3.60502E+00	 4.38379E+00	 1.97372E+00	 2.62058E+00	 4.97279E+00	 3.81935E+00	 3.65535E+00	 3.66272E+00	 6.75339E+00	 9.32195E+00	 1.49792E+01	 1.90884E+01	 1.38129E+01	 1.10901E+01	 1.18413E+01	 1.62209E+01	 1.53813E+01	 7.98543E+00	 3.92229E+00	 4.82129E+00	 6.21770E+00	 4.25000E+00	 5.75000E+00	 4.15212E+00	 5.85502E+00	 4.65968E+00	 6.75000E+00	 7.90776E+00	 1.23873E+01	 1.69419E+01	 1.90309E+01	 1.46116E+01	 8.32639E+00	 8.87944E+00	 6.41603E+00	 7.73339E+00	 7.62944E+00	 7.42363E+00	 1.08090E+01	 1.04589E+01	 8.78283E+00	 5.52949E+00	 5.40590E+00	 3.76768E+00	 5.75000E+00	 5.01641E+00	 3.70894E+00	 4.04194E+00	 3.97551E+00	 4.00000E+00
 7.97086E+00	 7.63197E+00	 5.22551E+00	 4.92560E+00	 5.60726E+00	 6.31310E+00	 3.09129E+00	 4.52097E+00	 2.85289E+00	 3.75000E+00	 4.51641E+00	 2.50508E+00	 3.38746E+00	 3.15990E+00	 3.72602E+00	 2.38538E+00	 3.13194E+00	 3.25000E+00	 3.88446E+00	 4.20036E+00	 7.55763E+00	 1.65801E+01	 1.91332E+01	 1.42058E+01	 1.44621E+01	 1.40748E+01	 1.89653E+01	 1.64966E+01	 9.22279E+00	 4.69886E+00	 5.60923E+00	 5.34661E+00	 6.09014E+00	 7.07823E+00	 5.77398E+00	 3.96845E+00	 3.96770E+00	 7.49170E+00	 1.23845E+01	 1.33296E+01	 1.54944E+01	 1.27569E+01	 7.67233E+00	 7.64834E+00	 8.98339E+00	 7.61992E+00	 8.37817E+00	 9.21696E+00	 1.15170E+01	 1.08762E+01	 1.14223E+01	 6.28912E+00	 4.36735E+00	 6.19189E+00	 7.98293E+00	 6.36301E+00	 4.88401E+00	 4.50000E+00	 3.78996E+00	 3.66345E+00	 3.50000E+00
 6.20748E+00	 6.40776E+00	 4.52398E+00	 3.43933E+00	 2.43232E+00	 3.25000E+00	 2.91272E+00	 3.22476E+00	 3.99369E+00	 2.00000E+00	 2.25000E+00	 2.52097E+00	 2.51262E+00	 3.00000E+00	 2.84741E+00	 1.99747E+00	 3.31701E+00	 3.77449E+00	 3.95894E+00	 2.84336E+00	 3.03283E+00	 7.45706E+00	 1.27840E+01	 1.57048E+01	 1.60655E+01	 1.61389E+01	 2.16140E+01	 1.78561E+01	 1.03447E+01	 9.07004E+00	 7.64078E+00	 7.20388E+00	 9.51191E+00	 7.84336E+00	 3.87815E+00	 3.43116E+00	 4.10710E+00	 4.89710E+00	 7.12817E+00	 1.03900E+01	 8.83506E+00	 6.27381E+00	 6.78838E+00	 8.52839E+00	 9.03835E+00	 1.17209E+01	 1.17185E+01	 1.22569E+01	 1.08412E+01	 9.92841E+00	 9.75380E+00	 9.50634E+00	 8.25506E+00	 5.82823E+00	 5.64456E+00	 6.03283E+00	 4.87446E+00	 4.75507E+00	 3.81566E+00	 5.99719E+00	 6.52949E+00
 6.56310E+00	 3.99170E+00	 3.08783E+00	 6.29797E+00	 3.46179E+00	 3.07629E+00	 2.43232E+00	 3.38725E+00	 3.11476E+00	 2.38734E+00	 2.22853E+00	 2.56180E+00	 2.75000E+00	 3.94265E+00	 3.70203E+00	 2.91441E+00	 3.17233E+00	 3.87944E+00	 3.26301E+00	 3.15471E+00	 2.43986E+00	 3.75380E+00	 4.50380E+00	 8.39390E+00	 1.18351E+01	 1.37801E+01	 1.70685E+01	 1.97665E+01	 1.69248E+01	 1.81116E+01	 1.73762E+01	 1.57985E+01	 1.83912E+01	 1.57645E+01	 5.42233E+00	 4.14078E+00	 3.13756E+00	 3.40091E+00	 3.75000E+00	 5.02331E+00	 4.37690E+00	 8.56180E+00	 1.00295E+01	 1.22985E+01	 1.69028E+01	 1.33734E+01	 1.46684E+01	 1.19966E+01	 1.35777E+01	 1.28401E+01	 1.05901E+01	 8.46144E+00	 7.81727E+00	 7.36908E+00	 5.59593E+00	 5.11554E+00	 5.15968E+00	 4.78664E+00	 5.37310E+00	 4.99036E+00	 3.57691E+00
 4.04364E+00	 5.00000E+00	 3.53912E+00	 4.41098E+00	 3.25000E+00	 3.95203E+00	 3.27112E+00	 3.03664E+00	 3.28618E+00	 2.39078E+00	 1.20036E+00	 2.63547E+00	 2.53912E+00	 3.86732E+00	 4.89004E+00	 4.25000E+00	 6.93496E+00	 1.11262E+01	 6.76698E+00	 4.12388E+00	 3.13401E+00	 3.79194E+00	 6.90968E+00	 7.86735E+00	 8.13871E+00	 1.00576E+01	 1.51358E+01	 2.07121E+01	 1.90549E+01	 2.04298E+01	 1.74621E+01	 1.15758E+01	 1.45170E+01	 1.11733E+01	 5.76060E+00	 2.68512E+00	 1.27905E+00	 2.21247E+00	 3.50943E+00	 4.95388E+00	 4.95388E+00	 4.81727E+00	 7.00253E+00	 8.12944E+00	 1.03717E+01	 1.13699E+01	 1.15084E+01	 1.39303E+01	 1.32564E+01	 1.25758E+01	 1.21452E+01	 8.59677E+00	 9.24170E+00	 6.68609E+00	 6.14583E+00	 6.00000E+00	 5.86735E+00	 5.48072E+00	 5.00000E+00	 4.00000E+00	 4.59129E+00
 4.08783E+00	 3.02624E+00	 1.84218E+00	 2.20036E+00	 2.93122E+00	 2.65071E+00	 3.75000E+00	 3.00000E+00	 2.71561E+00	 2.56701E+00	 2.64656E+00	 3.03155E+00	 5.98072E+00	 1.14807E+01	 9.39417E+00	 9.42332E+00	 1.46306E+01	 2.57057E+01	 1.97594E+01	 7.38173E+00	 4.34280E+00	 4.38574E+00	 4.37185E+00	 5.93496E+00	 8.40775E+00	 1.04709E+01	 1.59240E+01	 1.79709E+01	 1.62209E+01	 1.76249E+01	 1.47209E+01	 1.00347E+01	 7.04861E+00	 6.09661E+00	 5.47476E+00	 3.10347E+00	 2.77112E+00	 3.58192E+00	 3.47906E+00	 2.89710E+00	 3.39710E+00	 3.93539E+00	 7.21696E+00	 8.82347E+00	 1.07472E+01	 1.26199E+01	 1.41679E+01	 1.55796E+01	 1.40383E+01	 1.32569E+01	 1.52840E+01	 1.37985E+01	 1.03447E+01	 6.41603E+00	 5.94059E+00	 4.66019E+00	 5.50000E+00	 6.90212E+00	 6.00000E+00	 6.91098E+00	 5.00000E+00
 3.75000E+00	 3.42478E+00	 5.45806E+00	 5.79838E+00	 2.95499E+00	 3.97020E+00	 3.50337E+00	 3.31014E+00	 2.69654E+00	 4.50884E+00	 3.63826E+00	 5.67118E+00	 8.47279E+00	 1.07619E+01	 1.65094E+01	 1.52276E+01	 1.67909E+01	 2.64660E+01	 2.99388E+01	 1.55562E+01	 4.65381E+00	 4.22279E+00	 3.99426E+00	 6.88379E+00	 7.51060E+00	 8.59014E+00	 1.46020E+01	 1.45707E+01	 1.83807E+01	 2.07168E+01	 1.94585E+01	 1.12248E+01	 6.36735E+00	 4.41272E+00	 3.04838E+00	 2.25000E+00	 1.68131E+00	 1.93244E+00	 2.28340E+00	 2.45498E+00	 3.14495E+00	 5.12690E+00	 5.06935E+00	 7.04838E+00	 5.89004E+00	 7.68672E+00	 1.02170E+01	 1.29179E+01	 1.62398E+01	 1.54210E+01	 1.25284E+01	 9.95894E+00	 6.81310E+00	 6.36301E+00	 5.44576E+00	 3.43045E+00	 4.38173E+00	 4.94911E+00	 5.36992E+00	 8.16412E+00	 7.84028E+00
 3.82460E+00	 2.69363E+00	 5.10538E+00	 4.40590E+00	 3.37218E+00	 3.88737E+00	 3.13953E+00	 3.25964E+00	 1.93131E+00	 4.68709E+00	 6.17229E+00	 8.51443E+00	 1.21029E+01	 1.40997E+01	 1.66151E+01	 1.49118E+01	 1.26370E+01	 1.50781E+01	 2.60641E+01	 2.83956E+01	 1.01854E+01	 5.60502E+00	 7.10502E+00	 7.12944E+00	 6.87944E+00	 7.86908E+00	 1.10485E+01	 1.33207E+01	 1.49590E+01	 1.83302E+01	 1.94919E+01	 1.39179E+01	 7.00253E+00	 4.34593E+00	 4.49426E+00	 2.86599E+00	 2.80498E+00	 3.21845E+00	 4.85289E+00	 3.39711E+00	 2.72602E+00	 3.49036E+00	 4.75000E+00	 4.75000E+00	 6.62185E+00	 7.13265E+00	 1.02500E+01	 1.25064E+01	 1.72524E+01	 1.59621E+01	 1.04935E+01	 6.60923E+00	 5.86554E+00	 5.96770E+00	 4.62817E+00	 4.36388E+00	 4.76309E+00	 5.44502E+00	 7.55424E+00	 6.36426E+00	 7.47903E+00
 3.84593E+00	 3.68367E+00	 3.54612E+00	 2.12024E+00	 2.46179E+00	 3.75000E+00	 6.75000E+00	 6.51768E+00	 6.43539E+00	 7.29668E+00	 8.25884E+00	 8.65595E+00	 1.11679E+01	 1.43049E+01	 1.38807E+01	 9.53089E+00	 5.04797E+00	 7.53838E+00	 1.85618E+01	 3.35927E+01	 2.61286E+01	 1.01945E+01	 8.19353E+00	 6.20583E+00	 4.68245E+00	 4.35417E+00	 6.22222E+00	 7.23463E+00	 1.21234E+01	 1.83870E+01	 1.39829E+01	 1.28699E+01	 9.43672E+00	 4.68672E+00	 3.92229E+00	 3.96696E+00	 3.99984E+00	 2.81935E+00	 3.43065E+00	 3.75000E+00	 4.34955E+00	 4.21770E+00	 5.25127E+00	 5.14834E+00	 7.98543E+00	 8.56310E+00	 1.05391E+01	 1.32982E+01	 1.90789E+01	 1.63354E+01	 1.02801E+01	 5.99426E+00	 5.88379E+00	 4.55866E+00	 5.41098E+00	 6.49036E+00	 4.71845E+00	 3.85848E+00	 5.36464E+00	 5.45388E+00	 6.50646E+00
 3.69654E+00	 5.10710E+00	 2.25000E+00	 4.03155E+00	 7.62690E+00	 5.03838E+00	 8.52668E+00	 8.65646E+00	 9.30102E+00	 7.23611E+00	 6.76060E+00	 8.33848E+00	 7.04853E+00	 9.80102E+00	 8.43539E+00	 6.34336E+00	 6.47279E+00	 4.20806E+00	 6.61735E+00	 2.06922E+01	 3.61753E+01	 2.53402E+01	 1.67645E+01	 1.00492E+01	 7.93056E+00	 5.53838E+00	 4.47903E+00	 6.59129E+00	 9.84129E+00	 1.52149E+01	 1.64326E+01	 1.16293E+01	 5.38197E+00	 6.23547E+00	 6.41612E+00	 4.91892E+00	 3.82901E+00	 3.50000E+00	 3.10473E+00	 4.42060E+00	 6.58783E+00	 9.99369E+00	 8.78912E+00	 6.67672E+00	 7.34677E+00	 9.05899E+00	 1.03258E+01	 1.66020E+01	 1.52787E+01	 1.02884E+01	 8.43367E+00	 4.78155E+00	 4.37360E+00	 4.62817E+00	 3.57648E+00	 4.18849E+00	 3.56935E+00	 5.70706E+00	 6.30424E+00	 6.30424E+00	 7.34028E+00
 3.54668E+00	 4.00337E+00	 2.23359E+00	 3.50000E+00	 4.32823E+00	 5.95158E+00	 1.10912E+01	 1.05486E+01	 5.48072E+00	 5.27449E+00	 4.99036E+00	 3.20498E+00	 4.09150E+00	 4.26641E+00	 4.54866E+00	 4.91098E+00	 4.86735E+00	 6.43849E+00	 5.33506E+00	 9.19558E+00	 1.98680E+01	 3.19296E+01	 3.14451E+01	 1.96020E+01	 1.20119E+01	 7.42233E+00	 5.00000E+00	 6.43367E+00	 4.43401E+00	 7.18672E+00	 7.36301E+00	 6.62360E+00	 1.48048E+01	 1.54670E+01	 8.39456E+00	 7.28838E+00	 6.49170E+00	 5.04898E+00	 8.53838E+00	 1.32058E+01	 1.66116E+01	 1.48351E+01	 1.28468E+01	 8.37490E+00	 7.56727E+00	 1.00510E+01	 1.31116E+01	 1.61747E+01	 1.55295E+01	 8.70806E+00	 7.97108E+00	 5.53155E+00	 3.61174E+00	 6.15309E+00	 7.56461E+00	 5.40850E+00	 5.12360E+00	 5.90309E+00	 7.40646E+00	 8.43245E+00	 8.30899E+00
 5.43245E+00	 5.93539E+00	 4.25000E+00	 4.46813E+00	 3.92233E+00	 7.25000E+00	 9.28283E+00	 7.37817E+00	 4.63379E+00	 4.40471E+00	 3.98088E+00	 3.79394E+00	 3.48058E+00	 4.67060E+00	 4.65590E+00	 3.90045E+00	 4.96845E+00	 4.79423E+00	 5.55182E+00	 7.17672E+00	 8.69911E+00	 1.87267E+01	 3.34622E+01	 2.45506E+01	 1.99751E+01	 1.45542E+01	 8.90309E+00	 6.74170E+00	 7.07691E+00	 5.34454E+00	 6.50884E+00	 6.98058E+00	 8.54329E+00	 1.20144E+01	 1.13042E+01	 1.18971E+01	 1.11307E+01	 9.82544E+00	 1.55562E+01	 1.66932E+01	 1.55530E+01	 1.73471E+01	 1.75973E+01	 1.43520E+01	 9.18931E+00	 1.01627E+01	 1.30069E+01	 1.35997E+01	 1.46684E+01	 9.43245E+00	 4.24116E+00	 4.38871E+00	 5.68559E+00	 6.88118E+00	 5.30204E+00	 6.94189E+00	 7.17332E+00	 8.28473E+00	 1.01893E+01	 9.14004E+00	 8.53537E+00
 6.19189E+00	 5.33728E+00	 5.10544E+00	 6.80498E+00	 5.40212E+00	 4.64490E+00	 5.62815E+00	 5.24873E+00	 2.66610E+00	 5.66230E+00	 3.07691E+00	 4.31310E+00	 3.18299E+00	 4.86853E+00	 5.17233E+00	 5.48691E+00	 4.32691E+00	 5.14047E+00	 5.38194E+00	 5.50000E+00	 5.81701E+00	 9.25169E+00	 1.52847E+01	 2.98030E+01	 2.34502E+01	 2.28734E+01	 1.84595E+01	 1.26116E+01	 1.13090E+01	 7.66272E+00	 9.18672E+00	 9.28838E+00	 9.63826E+00	 1.38797E+01	 1.21435E+01	 1.53520E+01	 1.20238E+01	 1.36149E+01	 1.80127E+01	 2.11171E+01	 2.03485E+01	 2.08597E+01	 2.79657E+01	 2.62488E+01	 1.53340E+01	 1.51919E+01	 1.35101E+01	 1.49639E+01	 1.65619E+01	 5.03537E+00	 3.22324E+00	 3.51641E+00	 6.31727E+00	 5.18367E+00	 7.30763E+00	 5.72222E+00	 5.50508E+00	 6.28386E+00	 8.10205E+00	 1.10170E+01	 6.27949E+00
 4.73107E+00	 6.01389E+00	 9.41892E+00	 1.13832E+01	 9.91479E+00	 8.21770E+00	 6.95636E+00	 1.02712E+01	 1.08231E+01	 9.96489E+00	 6.41272E+00	 4.85848E+00	 5.12942E+00	 4.83446E+00	 7.39710E+00	 1.00913E+01	 5.58728E+00	 4.83142E+00	 5.45636E+00	 5.28903E+00	 4.87815E+00	 5.07460E+00	 8.03912E+00	 1.79326E+01	 2.77278E+01	 2.43296E+01	 1.67601E+01	 1.53836E+01	 1.38942E+01	 1.03385E+01	 1.16531E+01	 1.19972E+01	 1.24354E+01	 1.52569E+01	 1.46798E+01	 1.64184E+01	 1.25152E+01	 1.26149E+01	 1.03717E+01	 1.95309E+01	 2.67524E+01	 2.29898E+01	 2.53113E+01	 2.22924E+01	 1.47121E+01	 1.69214E+01	 1.46208E+01	 8.63871E+00	 6.86426E+00	 6.91098E+00	 3.21088E+00	 3.06678E+00	 4.50000E+00	 5.44502E+00	 4.38070E+00	 5.80899E+00	 8.01641E+00	 9.88573E+00	 9.53007E+00	 9.39710E+00	 9.44502E+00
 7.65309E+00	 1.01313E+01	 2.02839E+01	 2.22686E+01	 2.24593E+01	 1.18900E+01	 9.96770E+00	 1.13547E+01	 1.43528E+01	 1.23810E+01	 6.52949E+00	 6.65646E+00	 4.91892E+00	 7.22051E+00	 4.65595E+00	 5.20180E+00	 6.12079E+00	 7.03903E+00	 6.86735E+00	 5.25169E+00	 7.09788E+00	 6.74036E+00	 4.03912E+00	 6.14456E+00	 1.60127E+01	 2.16780E+01	 2.13357E+01	 2.02694E+01	 1.33113E+01	 1.30309E+01	 1.42140E+01	 1.42018E+01	 1.77627E+01	 1.59904E+01	 1.51250E+01	 1.71932E+01	 1.20212E+01	 1.11249E+01	 1.56180E+01	 1.81925E+01	 2.26970E+01	 1.52801E+01	 1.73277E+01	 1.48282E+01	 9.46489E+00	 6.72903E+00	 8.46489E+00	 5.18539E+00	 4.15590E+00	 5.75631E+00	 3.25000E+00	 4.51698E+00	 5.30763E+00	 3.71660E+00	 7.07691E+00	 7.06701E+00	 9.33902E+00	 1.03395E+01	 1.14189E+01	 1.12334E+01	 1.10499E+01
 8.51698E+00	 7.12817E+00	 1.20051E+01	 1.61803E+01	 2.20568E+01	 7.76487E+00	 7.32309E+00	 6.35502E+00	 1.46297E+01	 1.00985E+01	 7.57328E+00	 5.13446E+00	 5.94502E+00	 6.48738E+00	 4.67233E+00	 6.99873E+00	 5.76641E+00	 5.95577E+00	 4.38699E+00	 7.20158E+00	 4.44739E+00	 6.07195E+00	 3.69702E+00	 4.29787E+00	 4.73232E+00	 9.22853E+00	 1.63221E+01	 1.83889E+01	 1.62569E+01	 1.58708E+01	 1.63680E+01	 1.69878E+01	 2.15534E+01	 2.39668E+01	 2.07857E+01	 1.55768E+01	 1.66140E+01	 1.56439E+01	 1.19640E+01	 1.43400E+01	 1.45170E+01	 8.98470E+00	 1.47170E+01	 8.98543E+00	 6.52653E+00	 4.69189E+00	 5.07038E+00	 5.29612E+00	 4.34032E+00	 2.83142E+00	 4.72222E+00	 4.24429E+00	 5.78283E+00	 3.93367E+00	 4.51191E+00	 6.76641E+00	 8.21336E+00	 1.65287E+01	 1.72765E+01	 1.10485E+01	 8.21845E+00
 1.18782E+01	 1.13010E+01	 1.02039E+01	 1.17472E+01	 1.26733E+01	 9.11908E+00	 7.05899E+00	 8.08655E+00	 1.27525E+01	 1.18257E+01	 4.69886E+00	 6.22903E+00	 5.07129E+00	 5.81180E+00	 5.70833E+00	 6.63197E+00	 6.95416E+00	 4.65590E+00	 7.14834E+00	 5.84454E+00	 5.25000E+00	 4.89711E+00	 6.03283E+00	 5.37185E+00	 5.94059E+00	 8.07691E+00	 1.05287E+01	 1.85191E+01	 2.33750E+01	 2.07638E+01	 2.04551E+01	 2.23598E+01	 2.19435E+01	 2.92776E+01	 3.39036E+01	 2.23977E+01	 1.51913E+01	 1.35000E+01	 1.08148E+01	 8.23232E+00	 7.75000E+00	 7.83783E+00	 1.03739E+01	 1.11578E+01	 9.08207E+00	 4.03537E+00	 2.63826E+00	 4.66780E+00	 5.23543E+00	 4.96420E+00	 3.50971E+00	 3.64583E+00	 3.52905E+00	 4.51641E+00	 4.24984E+00	 1.09807E+01	 2.12121E+01	 2.44138E+01	 1.36944E+01	 6.75000E+00	 5.99369E+00
 1.32942E+01	 1.36332E+01	 1.37081E+01	 1.08485E+01	 1.11234E+01	 8.35344E+00	 6.15595E+00	 8.63577E+00	 1.22209E+01	 7.40309E+00	 8.25691E+00	 4.47647E+00	 7.01060E+00	 8.32639E+00	 8.27949E+00	 8.10923E+00	 7.22095E+00	 6.00169E+00	 4.13321E+00	 6.14710E+00	 3.12785E+00	 6.54194E+00	 5.10166E+00	 2.97853E+00	 6.41892E+00	 5.74170E+00	 1.06358E+01	 1.21950E+01	 1.70208E+01	 2.77700E+01	 2.98348E+01	 2.70986E+01	 2.08101E+01	 2.05194E+01	 2.29118E+01	 1.92809E+01	 1.66565E+01	 1.14685E+01	 1.16531E+01	 1.34829E+01	 1.14944E+01	 1.01867E+01	 1.47090E+01	 1.11029E+01	 6.34593E+00	 3.84014E+00	 5.02474E+00	 6.93494E+00	 9.71770E+00	 6.91272E+00	 2.82691E+00	 1.25000E+00	 3.13401E+00	 3.75000E+00	 7.04797E+00	 2.05821E+01	 2.74660E+01	 1.95966E+01	 5.17233E+00	 6.34032E+00	 4.50000E+00
 8.38826E+00	 1.26181E+01	 1.18268E+01	 8.92332E+00	 7.44558E+00	 7.39515E+00	 8.74810E+00	 1.14489E+01	 1.12185E+01	 7.48293E+00	 7.06680E+00	 6.96003E+00	 6.66412E+00	 7.27949E+00	 8.26191E+00	 1.12347E+01	 8.96770E+00	 5.55263E+00	 5.02949E+00	 5.01060E+00	 3.89636E+00	 3.65048E+00	 4.84129E+00	 6.18690E+00	 4.36679E+00	 4.60710E+00	 4.40381E+00	 4.75675E+00	 6.97279E+00	 7.33207E+00	 1.57481E+01	 1.53129E+01	 1.24581E+01	 1.09817E+01	 1.30328E+01	 1.83321E+01	 1.69847E+01	 1.24751E+01	 1.68794E+01	 1.55433E+01	 1.07329E+01	 1.04776E+01	 8.13699E+00	 9.47279E+00	 3.45748E+00	 4.50000E+00	 4.64636E+00	 5.06667E+00	 5.50830E+00	 4.90091E+00	 3.74029E+00	 3.25000E+00	 3.54224E+00	 2.83446E+00	 6.62563E+00	 1.23734E+01	 1.37354E+01	 1.04161E+01	 7.90595E+00	 4.45872E+00	 3.78996E+00
